500000
9
0 1 2 3 4 5 6 7 8

0
1
0

199
1
9

123
2
2 3

9990
8
1 2 3 4 5 6 7 8

0
9
0 1 2 3 4 5 6 7 8

0
3
0 1 2

10
1
0

99999
1
9

1
9
1 2 3 4 5 6 7 8 9

101
10
0 1 2 3 4 5 6 7 8 9

500000
10
0 1 2 3 4 5 6 7 8 9

6
9
0 2 3 4 5 6 7 8 9

944
7
2 3 4 5 6 7 9

1555
8
0 1 3 4 5 6 7 9

0
2
0 1

500000
6
0 1 2 3 4 5

0
0

99
10
0 1 2 3 4 5 6 7 8 9

101
0

10
9
1 2 3 4 5 6 7 8 9


500000
8
0 2 3 4 6 7 8 9

100
5
0 1 2 3 4

5457
3
6 7 8

80000
2
8 9

1
9
1 2 3 4 5 6 7 8 9

14124
0

100
3
1 0 5

500000
8
0 2 3 4 6 7 8 9

100
5
0 1 2 3 4

5457
3
6 7 8








